0 0.392143 0.069584 0.411113 0.069188 0.429533 0.060099 0.443832 0.063624 0.448503 0.089010 0.450426 0.108416 0.449602 0.128673 0.448503 0.150475 0.437788 0.175446 0.424588 0.186158 0.410288 0.181366 0.396813 0.165901 0.390769 0.146475 0.389107 0.115604 0.386909 0.095782
0 0.069052 0.056139 0.063832 0.068792 0.064382 0.087030 0.062459 0.111644 0.064657 0.131446 0.070701 0.150079 0.083352 0.166337 0.092981 0.170693 0.106717 0.158772 0.119093 0.142911 0.119918 0.125465 0.121566 0.102871 0.118269 0.081069 0.114698 0.060495 0.097926 0.042673 0.083077 0.042277
0 0.253832 0.072000 0.242280 0.087030 0.239808 0.106832 0.237610 0.132653 0.238159 0.156040 0.242830 0.175446 0.252184 0.187743 0.261250 0.194832 0.274451 0.193683 0.283530 0.183743 0.292596 0.165109 0.295343 0.140931 0.296456 0.110059 0.292596 0.093406 0.286552 0.075168 0.272527 0.065624
0 0.558489 0.046594 0.587912 0.043822 0.603310 0.056139 0.607157 0.088218 0.606882 0.119129 0.604135 0.141327 0.593681 0.165505 0.578846 0.174257 0.559038 0.157980 0.550797 0.130257 0.548599 0.107624 0.547212 0.070772
0 0.719066 0.070376 0.733915 0.062436 0.758668 0.066416 0.770495 0.082257 0.771593 0.105644 0.766635 0.139743 0.765810 0.162733 0.752898 0.183743 0.740247 0.194832 0.727047 0.195228 0.711099 0.162733 0.707253 0.137762 0.710000 0.111248 0.710549 0.089802
0 0.867555 0.050950 0.881030 0.043426 0.906044 0.045010 0.924464 0.056139 0.926401 0.093010 0.926951 0.118376 0.924753 0.139347 0.924190 0.157584 0.922541 0.172277 0.911003 0.188931 0.898352 0.197604 0.888448 0.199584 0.877170 0.188535 0.867830 0.164713 0.863159 0.143703 0.863159 0.117584 0.861497 0.086634 0.861772 0.068000
0 0.860948 0.318158 0.882404 0.305069 0.907967 0.304277 0.920618 0.320139 0.922541 0.347446 0.916497 0.381188 0.909629 0.404139 0.897802 0.414079 0.879107 0.412891 0.866456 0.393861 0.862060 0.371228 0.860948 0.349426
0 0.711099 0.301109 0.729794 0.289208 0.741346 0.289564 0.752349 0.299129 0.758668 0.337188 0.760865 0.364139 0.758393 0.386693 0.752624 0.399406 0.738599 0.408891 0.718242 0.401782 0.708901 0.384317 0.706154 0.353782 0.708626 0.324099
0 0.544464 0.297901 0.552995 0.288416 0.570865 0.282079 0.592033 0.295921 0.595893 0.316139 0.598365 0.346257 0.596992 0.372416 0.590110 0.392634 0.579396 0.405327 0.563997 0.408099 0.551621 0.393030 0.542816 0.368455 0.541717 0.337188
0 0.393516 0.298693 0.408640 0.294337 0.434753 0.291564 0.448228 0.304277 0.450701 0.339168 0.450701 0.372416 0.444657 0.401386 0.436126 0.416851 0.420728 0.420812 0.398187 0.408891 0.394615 0.388277 0.391319 0.346257
0 0.233764 0.299129 0.254382 0.289960 0.282157 0.293149 0.292321 0.308238 0.291497 0.353782 0.289299 0.380772 0.286003 0.397822 0.273077 0.412455 0.253283 0.417248 0.235412 0.405723 0.227706 0.377604 0.228530 0.349822 0.227431 0.324495
0 0.065206 0.303485 0.088022 0.305861 0.112775 0.300317 0.123228 0.305069 0.123228 0.334356 0.126250 0.356594 0.121566 0.391446 0.117445 0.410079 0.106442 0.423545 0.092981 0.429901 0.075934 0.418436 0.066030 0.398614 0.063558 0.376416 0.062459 0.348238 0.062459 0.330000
0 0.869643 0.537703 0.886044 0.537347 0.904341 0.532218 0.919313 0.533584 0.927390 0.564079 0.928819 0.590792 0.924313 0.619228 0.912898 0.648356 0.901731 0.660000 0.885577 0.655545 0.876538 0.633624 0.869176 0.615802 0.867514 0.590455 0.866799 0.566475
0 0.710426 0.545228 0.719931 0.532218 0.749162 0.529465 0.769121 0.534614 0.767225 0.555505 0.770783 0.580178 0.771030 0.604851 0.766511 0.626772 0.756058 0.647327 0.746305 0.652812 0.724203 0.641149 0.716360 0.625050 0.711607 0.602436 0.709945 0.569208
0 0.552390 0.546950 0.571635 0.546950 0.587555 0.539069 0.603489 0.543168 0.605618 0.568871 0.606566 0.598337 0.605151 0.621287 0.601113 0.642871 0.595879 0.657941 0.583283 0.670277 0.570206 0.666851 0.558091 0.647327 0.550247 0.622653 0.546429 0.596634 0.545742 0.561584
0 0.396016 0.537347 0.413132 0.533584 0.434986 0.534614 0.447582 0.541129 0.450907 0.567505 0.451387 0.598673 0.447349 0.629505 0.443544 0.645604 0.428338 0.660337 0.418118 0.661366 0.403860 0.654178 0.393159 0.631564 0.390069 0.596970 0.390069 0.574356 0.389368 0.549683
0 0.238214 0.531861 0.249629 0.517485 0.262225 0.514396 0.277431 0.523307 0.290261 0.541129 0.296442 0.565782 0.294547 0.603822 0.289794 0.629505 0.280989 0.647663 0.267445 0.658970 0.247720 0.651782 0.238214 0.636356 0.231085 0.611347 0.230137 0.588059 0.229657 0.556871 0.232047 0.539743
0 0.069011 0.568535 0.080426 0.553802 0.095398 0.547624 0.113929 0.552772 0.125577 0.569208 0.131044 0.583604 0.132225 0.603465 0.129849 0.628475 0.122486 0.644574 0.110838 0.659663 0.093970 0.663426 0.085179 0.656238 0.072335 0.641149 0.067830 0.621287 0.065453 0.596277
0 0.064739 0.790178 0.081140 0.782653 0.103475 0.784020 0.117500 0.786416 0.124148 0.802851 0.127473 0.830950 0.127473 0.850099 0.125810 0.875822 0.122005 0.892277 0.108942 0.912495 0.096813 0.919347 0.081374 0.912495 0.071154 0.895366 0.064025 0.869663 0.061415 0.831287
0 0.231566 0.790178 0.244876 0.784693 0.269354 0.782990 0.282898 0.787446 0.287885 0.812792 0.286456 0.839861 0.285275 0.873782 0.281951 0.887129 0.272198 0.901861 0.262940 0.912832 0.247940 0.915248 0.233462 0.902218 0.225151 0.874455 0.222775 0.845683 0.222060 0.817584 0.222060 0.803208
0 0.392212 0.794634 0.407184 0.781624 0.421676 0.779228 0.436896 0.794634 0.445206 0.803545 0.446868 0.830614 0.444973 0.863149 0.441648 0.883366 0.432857 0.896040 0.420975 0.907010 0.407665 0.904950 0.394835 0.891248 0.388407 0.865208 0.386277 0.835743 0.387692 0.815525
0 0.556909 0.808337 0.568077 0.797723 0.590179 0.798059 0.602527 0.802515 0.607527 0.819307 0.607995 0.846713 0.605385 0.872059 0.600398 0.886455 0.592788 0.899465 0.588269 0.910079 0.575440 0.908713 0.562376 0.891941 0.557857 0.873782 0.552624 0.850475 0.552624 0.823762
0 0.704451 0.784772 0.719863 0.766416 0.742651 0.765822 0.755591 0.781228 0.762376 0.811426 0.765659 0.834812 0.762376 0.862356 0.754574 0.885743 0.740604 0.899960 0.729093 0.906772 0.715948 0.894931 0.706511 0.878059 0.699313 0.852891 0.698489 0.827129 0.699519 0.808178
0 0.860962 0.789525 0.866346 0.770495 0.903846 0.768911 0.916896 0.805347 0.917857 0.848139 0.912308 0.866495 0.898132 0.888713 0.882940 0.891069 0.867541 0.873307 0.860549 0.855842 0.857266 0.825050
